39.949238,116.361725
39.955875,116.377823
39.95499,116.399669
39.95676,116.414617
39.955432,116.422666
39.955875,116.437614
39.947468,116.439339
39.948353,116.43244
39.947468,116.423241
39.947025,116.414617
39.94791,116.400819
39.947468,116.386446
39.947025,116.377823
39.940387,116.378972
39.929543,116.362156
39.930539,116.379979
39.929101,116.388027
39.92235,116.380122
39.920248,116.363162
39.913164,116.3623
39.913496,116.380554
39.909179,116.369486
39.906191,116.369486
39.905859,116.380697
39.906523,116.390615
39.906301,116.403694
39.91416,116.39852
39.928437,116.397514
39.907408,116.403981
39.91405,116.41318
39.907187,116.417348
39.914271,116.424535
39.921465,116.413036
39.929543,116.399813
39.929543,116.399813
39.939281,116.38659
39.946583,116.401682
39.947468,116.414042
39.939834,116.432296
39.938727,116.350227
39.928769,116.350802
39.928769,116.332404
39.930761,116.314869
39.902205,116.317457
39.903091,116.354539
39.903091,116.354539
39.895342,116.341316
39.890913,116.326368
39.890691,116.315444
39.872974,116.317169
39.913275,116.280374
39.875632,116.352814
39.871202,116.387309
39.864999,116.405131
39.864999,116.405131
39.963728,116.357413
39.96782,116.363737
39.967488,116.371786
39.96406,116.361581
39.96406,116.361581
39.964613,116.384865
39.964613,116.384865
39.982086,116.376529
39.968484,116.413899
39.968484,116.41433
39.968484,116.41433
39.965719,116.438764
39.965608,116.425109
39.961295,116.450406
39.95687,116.452418
39.95322,116.457448
39.946583,116.446813
39.947136,116.456586
39.929184,116.467725
39.923319,116.456514
39.923872,116.447747
39.914797,116.466575
39.919556,116.456083
39.909926,116.467869
39.899521,116.45134
39.899521,116.45134
39.889889,116.467725
39.887231,116.441135
39.847912,116.365821
39.848133,116.319541
39.873389,116.296831
39.878262,116.295969
39.926749,116.302006
39.938921,116.301718
39.95463,116.293957
39.985375,116.314366
39.986038,116.322415
39.986702,116.332476
40.001682,116.288208
40.012293,116.313217
40.019366,116.337076
40.02025,116.357772
40.020913,116.357485
40.02909,116.391692
40.016271,116.399741
40.011851,116.398304
40.012514,116.407503
40.009198,116.413827
40.015608,116.392842
40.027764,116.448322
40.021355,116.462407
40.020029,116.295394
40.001903,116.484829
40.00345,116.474768
40.00345,116.474768
40.036824,116.434524
40.036824,116.434524
40.086082,116.357485
40.085199,116.33995
40.085199,116.339663
40.084095,116.335351
40.082328,116.329602
40.082328,116.329602
40.075703,116.32529
40.061126,116.336788
40.056708,116.330464
40.077249,116.326152
40.095797,116.355473
40.101095,116.298844
40.110366,116.321553
40.07217,116.419863
40.081886,116.419863
40.090056,116.419576
40.044558,116.417851
40.118091,116.32529
40.15946,116.308186
40.167069,116.288639
40.157254,116.304305
40.149092,116.270385
40.161334,116.280015
40.177102,116.288926
40.171038,116.271966
40.195733,116.26478
40.212567,116.29525
40.214,116.280949
40.219344,116.25709
40.218256,116.240382
40.22539,116.246454
40.226244,116.237579
40.235305,116.239699
40.233597,116.226225
40.242162,116.224428
40.275033,116.240346
40.259177,116.28174
40.277124,116.223386
40.277124,116.223386
40.422175,115.493674
40.336876,116.636607
40.370305,116.829778
40.393168,116.853925
40.358871,116.838977
40.160659,117.128734
39.963631,116.822879
39.906094,116.637756
39.887494,116.689499
39.904544,116.676276
39.740069,116.146778
39.745839,116.141029
39.728971,116.157702
40.001447,117.067218
40.001447,117.067218
39.136438,117.287986
36.688057,116.993629
36.688057,116.993629
36.234788,120.374132
38.770112,118.019278
31.258052,121.349189
31.699543,120.686886
31.982245,119.822213
32.185873,118.699978
34.866615,113.603927
30.639631,114.339819
30.384754,120.061378
30.01719,121.533162
34.379927,108.931014
29.600019,106.484173
26.117951,119.251897
23.192737,113.30957
22.305398,113.493543
22.664447,114.054661
22.543801,113.99027
22.313957,114.186891
22.312352,114.179418
22.279983,114.183442
22.324121,114.225986
22.342308,114.149234
22.318504,113.952613
22.281053,114.1718
22.34565,114.209744
22.347255,114.190916
22.432802,114.255306
22.454181,114.175968
24.817728,120.932088
25.077727,121.525401
23.050618,120.223792
22.637097,120.288182
23.577376,119.618981
42.154129,123.537605
43.908555,125.193362
45.844339,126.70194
40.770259,111.72654
38.465531,106.317735
36.14379,103.705319
36.738397,101.792
30.749313,104.073265
29.694814,106.428119
26.66308,106.648887
25.132173,102.74866
22.901556,108.304643
19.982321,110.328346
18.523301,110.043188
